3 0.22083333333333333 0.15601851851851853 0.04791666666666667 0.0712962962962963
3 0.23619791666666667 0.17222222222222222 0.03177083333333333 0.040740740740740744
3 0.4505208333333333 0.16342592592592592 0.028125 0.05092592592592592
3 0.4197916666666667 0.18333333333333332 0.041666666666666664 0.05555555555555555
3 0.3880208333333333 0.17453703703703705 0.035416666666666666 0.04537037037037037
3 0.359375 0.175 0.059375 0.07962962962962963
3 0.38333333333333336 0.1310185185185185 0.025 0.04537037037037037
3 0.40598958333333335 0.1310185185185185 0.050520833333333334 0.04537037037037037
3 0.4440104166666667 0.13935185185185187 0.0546875 0.058333333333333334
3 0.48203125 0.14027777777777778 0.03177083333333333 0.06388888888888888
3 0.31796875 0.1398148148148148 0.03697916666666667 0.06481481481481481
3 0.2955729166666667 0.14629629629629629 0.05572916666666667 0.06296296296296296
3 0.253125 0.1388888888888889 0.051041666666666666 0.05185185185185185
3 0.16067708333333333 0.16296296296296298 0.07239583333333334 0.07222222222222222
3 0.11432291666666666 0.1699074074074074 0.06614583333333333 0.05092592592592592
3 0.07526041666666666 0.13425925925925927 0.0328125 0.06111111111111111
9 0.09088541666666666 0.24305555555555555 0.2640625 0.16018518518518518
9 0.24661458333333333 0.25092592592592594 0.23385416666666667 0.14629629629629629
9 0.3828125 0.2564814814814815 0.225 0.16666666666666666
