3 0.46848958333333335 0.2074074074074074 0.09010416666666667 0.1537037037037037
3 0.396875 0.14351851851851852 0.0625 0.09259259259259259
3 0.38645833333333335 0.22546296296296298 0.10520833333333333 0.10833333333333334
3 0.33984375 0.14583333333333334 0.04635416666666667 0.0712962962962963
3 0.1984375 0.15601851851851853 0.04791666666666667 0.04351851851851852
3 0.10729166666666666 0.1574074074074074 0.04583333333333333 0.05185185185185185
3 0.134375 0.15694444444444444 0.03229166666666667 0.04537037037037037
3 0.17994791666666668 0.16157407407407406 0.0515625 0.05648148148148148
2 0.21614583333333334 0.19583333333333333 0.0625 0.06574074074074074
2 0.14895833333333333 0.2175925925925926 0.09270833333333334 0.06851851851851852
2 0.14557291666666666 0.26157407407407407 0.11197916666666667 0.09351851851851851
2 0.08125 0.3449074074074074 0.1375 0.1787037037037037
